			
0	"Moss's Sword Box"
0					
-1	-1	1000000	1	
end					
1					
0	2	5
1	0	25
2	14	53
3	14	96
4	0	4
5	3	9
6	2	5
7	0	21
8	2	5
9	0	25
10	14	53
end					
end					
1	"Moss's Staff Box"				
0					
-1	-1	1000000	1	
end					
1					
0	5	11
1	5	4
2	14	53
3	14	96
4	5	0
5	5	3
6	5	8
7	5	1
8	5	11
9	5	4
10	14	53
end					
end					
2	"Moss's Bow Box / Magic Gun Box"				
0					
-1	-1	1000000	1	
end					
1					
0	4	22
1	4	19
2	14	53
3	14	96
4	4	2
5	4	5
6	4	11
7	4	16
8	4	22
9	4	19
10	4	42
11	4	43
12	14	53
end					
end
3	"Moss's Scepter Box"
0					
-1	-1	1000000	1	
end					
1					
0	2	11
1	2	12
2	14	53
3	14	96
4	2	15
5	2	8
6	2	9
7	2	10
8	2	11
9	2	12
10	14	53
end					
end					
4	"Moss's Stick Box"				
0					
-1	-1	1000000	1	
end					
1					
0	5	17
1	5	18
2	14	53
3	14	96
4	5	14
5	5	15
6	5	16
7	5	17
8	5	17
9	5	18
10	14	53
end					
end					
5	"Jewel of Bless Box"				
0					
14	13	1	1	
end					
1					
0	0	19
1	13	53
2	13	276
3	14	479
4	14	53
5	14	352
6	14	280
7	8	95
8	14	224
9	13	13
10	14	86
end					
end					
6	"Jewel of Soul Box"				
0					
14	14	1	1	
end					
1					
0	13	268
1	12	212
2	14	13
3	14	189
4	13	479
5	14	352
6	14	276
7	8	36
8	14	224
9	13	13
10	14	87
end					
end					
7	"Miracle Coin Box"				
0					
14	413	1	1	
end					
1					
0	12	212
1	13	268
2	14	13
3	13	53
4	13	479
5	14	53
6	14	276
7	8	36
8	14	224
9	12	0
10	4	22
end					
end					
8	"Mastery Accessory Box"				
0					
14	13	1	1	
end					
1					
0	12	457
1	12	449
2	13	12
3	13	21
4	14	14
5	14	16
6	14	22
7	12	15
8	14	31
9	14	42
10	14	42
end
end					
9	"Guardian Box"				
0					
14	13	1	1	
end					
1					
0	14	477
1	14	466
2	14	467
3	14	372
4	14	14
5	14	16
6	14	22
7	12	15
8	14	477
9	14	466
10	14	467
end
end					
10	"Moss's Miracle"				
0					
14	413	3	1	
14	13	10	1	
end					
1					
0	0	51
1	13	467
2	13	268
3	14	96
4	14	399
5	19	3
6	13	510
7	13	468
8	14	276
9	14	336
10	14	224
end
end
100
0	19
2	13
4	18
5	10
5	36
13	276
13	53
12	208
12	209
12	210
12	211
12	306
12	307
12	308
14	53
12	457
12	212
12	213
12	214
13	268
14	479
end					
end
